
base_dload_path <- "https://www.football-data.co.uk/"
historic_subdir <- "mmz4281"
upcoming_fixtures <- "fixtures.csv"
leagues <- c("E0", "E1", "E2", "E3", "SP1", "SP2", "D1", "D2", "I1", "I2", "F1", "F2")
years <- c(
"2021", "1920", "1819", "1718", "1617",
"1516", "1415", "1314", "1213",
"1112", "1011"
)

