
leagues <- c('E0', 'E1', 'E2', 'SP1', 'SP2', 'D1', 'D2', 'I1', 'I2')
years <- c("2021", "1920", "1819", "1718", "1617", "1516", "1415", "1314", "1213", "1112", "1011")

